0 0.7220052083333334 0.5743055555555556 0.025260416666666667 0.04027777777777778
0 0.6959635416666666 0.6020833333333333 0.038802083333333334 0.06435185185185185
0 0.621875 0.5439814814814815 0.030729166666666665 0.05185185185185186
0 0.9826822916666667 0.31712962962962965 0.03203125 0.0462962962962963
0 0.6565104166666667 0.962037037037037 0.06875 0.07685185185185185
0 0.5063802083333333 0.6673611111111112 0.028385416666666666 0.05694444444444444
0 0.4583333333333333 0.7081018518518519 0.030729166666666665 0.04583333333333334
0 0.46315104166666665 0.5694444444444444 0.023697916666666666 0.05
0 0.4412760416666667 0.6118055555555556 0.025260416666666667 0.04490740740740741
0 0.41015625 0.638425925925926 0.0265625 0.04259259259259259
0 0.437890625 0.9638888888888889 0.04973958333333333 0.07314814814814816
0 0.42291666666666666 0.8523148148148149 0.0359375 0.05555555555555556
