0 0.9295572916666667 0.46296296296296297 0.05078125 0.08148148148148149
0 0.8760416666666666 0.2539351851851852 0.04635416666666667 0.06898148148148149
0 0.948828125 0.6310185185185185 0.05286458333333333 0.1
0 0.715625 0.6631944444444444 0.04791666666666666 0.08657407407407408
0 0.6529947916666666 0.6435185185185185 0.03515625 0.06759259259259259
0 0.54921875 0.7569444444444444 0.04583333333333333 0.06851851851851852
0 0.5490885416666667 0.5768518518518518 0.04296875 0.08148148148148149
0 0.437890625 0.9733796296296297 0.04296875 0.051388888888888894
0 0.349609375 0.8803240740740741 0.030989583333333334 0.0625
0 0.24153645833333334 0.826388888888889 0.04296875 0.06296296296296297
0 0.15611979166666667 0.49050925925925926 0.039322916666666666 0.04398148148148148
0 0.09765625 0.362962962962963 0.033854166666666664 0.0462962962962963
0 0.20716145833333333 0.27847222222222223 0.04296875 0.07731481481481482
0 0.19934895833333333 0.11134259259259259 0.038802083333333334 0.07361111111111111
0 0.030078125 0.16574074074074074 0.03515625 0.04259259259259259
