0 0.9147135416666666 0.7675925925925926 0.03515625 0.05740740740740741
0 0.839453125 0.7918981481481482 0.06067708333333333 0.0912037037037037
0 0.8 0.6881944444444444 0.05625 0.08101851851851852
0 0.71875 0.7657407407407407 0.04583333333333333 0.06666666666666667
0 0.7588541666666666 0.2388888888888889 0.0765625 0.13148148148148148
0 0.675390625 0.46111111111111114 0.04921875 0.09537037037037037
0 0.6118489583333333 0.3648148148148148 0.05130208333333333 0.08518518518518518
0 0.4630208333333333 0.2675925925925926 0.0296875 0.0638888888888889
0 0.35520833333333335 0.18958333333333335 0.03229166666666666 0.0625
0 0.2694010416666667 0.46851851851851856 0.03515625 0.04537037037037037
0 0.2109375 0.7032407407407407 0.0421875 0.053703703703703705
